[1.0, -749.3559616573583, -931.1994717150492, -3.1415926533676855, 1.4367572021001251e-08, 1.0]
[1.1, 1299.355961657358, 931.1994717150492, 3.1415926533676855, 499.9999999856324, 1.1]
[1.1, -817.4792308989362, -1015.8539691436899, -3.1415926533676855, 1.4367572021001251e-08, 1.1]
[1.2000000000000002, 1417.4792308989358, 1015.8539691436899, 3.1415926533676855, 499.9999999856324, 1.2000000000000002]
[1.2000000000000002, -885.6025001405143, -1100.5084665723307, -3.1415926533676855, 1.4367572021001251e-08, 1.2000000000000002]
[1.3, 1535.6025001405142, 1100.5084665723307, 3.1415926533676855, 499.9999999856324, 1.3]
[1.3, -953.7257693820922, -1185.1629640009717, -3.1415926533676855, 1.4367572021001251e-08, 1.3]
[1.4000000000000001, 1653.725769382092, 1185.1629640009717, 3.1415926533676855, 499.9999999856324, 1.4000000000000001]
[1.4000000000000001, -1021.8490386236703, -1269.8174614296124, -3.1415926533676855, 1.4367572021001251e-08, 1.4000000000000001]
[1.5, 1771.84903862367, 1269.8174614296124, 3.1415926533676855, 499.9999999856324, 1.5]
[1.5, -1089.9723078652482, -1354.4719588582532, -3.1415926533676855, 1.4367572021001251e-08, 1.5]
[1.6, 1889.9723078652478, 1354.4719588582532, 3.1415926533676855, 499.9999999856324, 1.6]
[1.6, -1158.095577106826, -1439.126456286894, -3.1415926533676855, 1.4367572021001251e-08, 1.6]
[1.7000000000000002, 2008.095577106826, 1439.126456286894, 3.1415926533676855, 499.9999999856324, 1.7000000000000002]
[1.7000000000000002, -1226.2188463484044, -1523.780953715535, -3.1415926533676855, 1.4367572021001251e-08, 1.7000000000000002]
[1.8, 2126.218846348404, 1523.780953715535, 3.1415926533676855, 499.9999999856324, 1.8]
[1.8, -1294.3421155899828, -1608.4354511441757, -3.1415926533676855, 1.4367572021001251e-08, 1.8]
[1.9000000000000001, 2244.3421155899823, 1608.4354511441757, 3.1415926533676855, 499.9999999856324, 1.9000000000000001]
[1.9000000000000001, -1362.4653848315606, -1693.0899485728164, -3.1415926533676855, 1.4367572021001251e-08, 1.9000000000000001]
[2.0, 2362.4653848315606, 1693.0899485728164, 3.1415926533676855, 499.9999999856324, 2.0]
[2.0, -1430.588654073139, -1777.7444460014572, -3.1415926533676855, 1.4367572021001251e-08, 2.0]
[2.1, 2480.5886540731385, 1777.7444460014572, 3.1415926533676855, 499.9999999856324, 2.1]
[2.1, -1498.7119233147168, -1862.3989434300977, -3.1415926533676855, 1.4367572021001251e-08, 2.1]
[2.2, 2598.711923314717, 1862.3989434300977, 3.1415926533676855, 499.9999999856324, 2.2]
[2.2, -1566.8351925562947, -1947.0534408587382, -3.1415926533676855, 1.4367572021001251e-08, 2.2]
[2.3000000000000003, 2716.8351925562947, 1947.0534408587382, 3.1415926533676855, 499.9999999856324, 2.3000000000000003]
[2.3000000000000003, -1634.9584617978726, -2031.7079382873794, -3.1415926533676855, 1.4367572021001251e-08, 2.3000000000000003]
[2.4000000000000004, 2834.9584617978726, 2031.7079382873794, 3.1415926533676855, 499.9999999856324, 2.4000000000000004]
[2.4000000000000004, -1703.0817310394505, -2116.3624357160206, -3.1415926533676855, 1.4367572021001251e-08, 2.4000000000000004]
[2.5, 2953.0817310394505, 2116.3624357160206, 3.1415926533676855, 499.9999999856324, 2.5]
[2.5, -1771.2050002810292, -2201.0169331446614, -3.1415926533676855, 1.4367572021001251e-08, 2.5]
[2.6, 3071.2050002810292, 2201.0169331446614, 3.1415926533676855, 499.9999999856324, 2.6]
[2.6, -1839.3282695226067, -2285.6714305733026, -3.1415926533676855, 1.4367572021001251e-08, 2.6]
[2.7, 3189.3282695226067, 2285.6714305733026, 3.1415926533676855, 499.9999999856324, 2.7]
[2.7, -1907.4515387641854, -2370.325928001944, -3.1415926533676855, 1.4367572021001251e-08, 2.7]
[2.8000000000000003, 3307.4515387641854, 2370.325928001944, 3.1415926533676855, 499.9999999856324, 2.8000000000000003]
[2.8000000000000003, -1975.5748080057633, -2454.9804254305845, -3.1415926533676855, 1.4367572021001251e-08, 2.8000000000000003]
[2.9000000000000004, 3425.5748080057633, 2454.9804254305845, 3.1415926533676855, 499.9999999856324, 2.9000000000000004]
[2.9000000000000004, -2043.698077247342, -2539.6349228592258, -3.1415926533676855, 1.4367572021001251e-08, 2.9000000000000004]
[3.0, 3543.698077247342, 2539.6349228592258, 3.1415926533676855, 499.9999999856324, 3.0]
[3.0, -2111.8213464889195, -2624.2894202878665, -3.1415926533676855, 1.4367572021001251e-08, 3.0]
[3.1, 3661.8213464889195, 2624.2894202878665, 3.1415926533676855, 499.9999999856324, 3.1]
[3.1, -2179.9446157304983, -2708.9439177165077, -3.1415926533676855, 1.4367572021001251e-08, 3.1]
[3.2, 3779.9446157304983, 2708.9439177165077, 3.1415926533676855, 499.9999999856324, 3.2]
[3.2, -2248.067884972076, -2793.598415145149, -3.1415926533676855, 1.4367572021001251e-08, 3.2]
[3.3000000000000003, 3898.067884972076, 2793.598415145149, 3.1415926533676855, 499.9999999856324, 3.3000000000000003]
[3.3000000000000003, -2316.191154213655, -2878.2529125737897, -3.1415926533676855, 1.4367572021001251e-08, 3.3000000000000003]
[3.4000000000000004, 4016.191154213655, 2878.2529125737897, 3.1415926533676855, 499.9999999856324, 3.4000000000000004]
[3.4000000000000004, -2384.314423455233, -2962.907410002431, -3.1415926533676855, 1.4367572021001251e-08, 3.4000000000000004]
[3.5, 4134.314423455233, 2962.907410002431, 3.1415926533676855, 499.9999999856324, 3.5]
[3.5, -2452.437692696811, -3047.5619074310716, -3.1415926533676855, 1.4367572021001251e-08, 3.5]
[3.6, 4252.437692696811, 3047.5619074310716, 3.1415926533676855, 499.9999999856324, 3.6]
[3.6, -2520.560961938389, -3132.216404859713, -3.1415926533676855, 1.4367572021001251e-08, 3.6]
[3.7, 4370.560961938389, 3132.216404859713, 3.1415926533676855, 499.9999999856324, 3.7]
[3.7, -2588.684231179968, -3216.870902288354, -3.1415926533676855, 1.4367572021001251e-08, 3.7]
[3.8000000000000003, 4488.684231179967, 3216.870902288354, 3.1415926533676855, 499.9999999856324, 3.8000000000000003]
[3.8000000000000003, -2656.8075004215457, -3301.525399716995, -3.1415926533676855, 1.4367572021001251e-08, 3.8000000000000003]
[3.9000000000000004, 4606.807500421545, 3301.525399716995, 3.1415926533676855, 499.9999999856324, 3.9000000000000004]
[3.9000000000000004, -2724.9307696631236, -3386.179897145636, -3.1415926533676855, 1.4367572021001251e-08, 3.9000000000000004]
[4.0, 4724.930769663123, 3386.179897145636, 3.1415926533676855, 499.9999999856324, 4.0]
[4.0, -2793.054038904702, -3470.834394574277, -3.1415926533676855, 1.4367572021001251e-08, 4.0]
[4.1000000000000005, 4843.054038904702, 3470.834394574277, 3.1415926533676855, 499.9999999856324, 4.1000000000000005]
[4.1000000000000005, -2861.1773081462798, -3555.488892002918, -3.1415926533676855, 1.4367572021001251e-08, 4.1000000000000005]
[4.2, 4961.17730814628, 3555.488892002918, 3.1415926533676855, 499.9999999856324, 4.2]
[4.2, -2929.3005773878576, -3640.143389431559, -3.1415926533676855, 1.4367572021001251e-08, 4.2]
[4.3, 5079.300577387858, 3640.143389431559, 3.1415926533676855, 499.9999999856324, 4.3]
[4.3, -2997.4238466294355, -3724.7978868601995, -3.1415926533676855, 1.4367572021001251e-08, 4.3]
[4.4, 5197.4238466294355, 3724.7978868601995, 3.1415926533676855, 499.9999999856324, 4.4]
[4.4, -3065.5471158710143, -3809.45238428884, -3.1415926533676855, 1.4367572021001251e-08, 4.4]
[4.5, 5315.547115871014, 3809.45238428884, 3.1415926533676855, 499.9999999856324, 4.5]
[4.5, -3133.6703851125912, -3894.106881717481, -3.1415926533676855, 1.4367572021001251e-08, 4.5]
[4.6000000000000005, 5433.670385112591, 3894.106881717481, 3.1415926533676855, 499.9999999856324, 4.6000000000000005]
[4.6000000000000005, -3201.793654354169, -3978.761379146121, -3.1415926533676855, 1.4367572021001251e-08, 4.6000000000000005]
[4.7, 5551.793654354169, 3978.761379146121, 3.1415926533676855, 499.9999999856324, 4.7]
[4.7, -3269.916923595747, -4063.4158765747616, -3.1415926533676855, 1.4367572021001251e-08, 4.7]
[4.800000000000001, 5669.916923595747, 4063.4158765747616, 3.1415926533676855, 499.9999999856324, 4.800000000000001]
[4.800000000000001, -3338.040192837325, -4148.070374003402, -3.1415926533676855, 1.4367572021001251e-08, 4.800000000000001]
[4.9, 5788.040192837325, 4148.070374003402, 3.1415926533676855, 499.9999999856324, 4.9]
[4.9, -3406.1634620789027, -4232.724871432043, -3.1415926533676855, 1.4367572021001251e-08, 4.9]
[5.0, 5906.163462078903, 4232.724871432043, 3.1415926533676855, 499.9999999856324, 5.0]
[5.0, -3474.2867313204806, -4317.379368860684, -3.1415926533676855, 1.4367572021001251e-08, 5.0]
[5.1000000000000005, 6024.286731320481, 4317.379368860684, 3.1415926533676855, 499.9999999856324, 5.1000000000000005]
[5.1000000000000005, -3542.4100005620585, -4402.033866289324, -3.1415926533676855, 1.4367572021001251e-08, 5.1000000000000005]
[5.2, 6142.4100005620585, 4402.033866289324, 3.1415926533676855, 499.9999999856324, 5.2]
[5.2, -3610.5332698036364, -4486.688363717964, -3.1415926533676855, 1.4367572021001251e-08, 5.2]
[5.300000000000001, 6260.533269803636, 4486.688363717964, 3.1415926533676855, 499.9999999856324, 5.300000000000001]
[5.300000000000001, -3678.6565390452133, -4571.342861146605, -3.1415926533676855, 1.4367572021001251e-08, 5.300000000000001]
[5.4, 6378.656539045213, 4571.342861146605, 3.1415926533676855, 499.9999999856324, 5.4]
[5.4, -3746.779808286791, -4655.997358575246, -3.1415926533676855, 1.4367572021001251e-08, 5.4]
[5.5, 6496.779808286791, 4655.997358575246, 3.1415926533676855, 499.9999999856324, 5.5]
[5.5, -3814.903077528369, -4740.651856003887, -3.1415926533676855, 1.4367572021001251e-08, 5.5]
[5.6000000000000005, 6614.903077528369, 4740.651856003887, 3.1415926533676855, 499.9999999856324, 5.6000000000000005]
[5.6000000000000005, -3883.026346769947, -4825.3063534325265, -3.1415926533676855, 1.4367572021001251e-08, 5.6000000000000005]
[5.7, 6733.026346769947, 4825.3063534325265, 3.1415926533676855, 499.9999999856324, 5.7]
[5.7, -3951.149616011525, -4909.960850861167, -3.1415926533676855, 1.4367572021001251e-08, 5.7]
[5.800000000000001, 6851.149616011525, 4909.960850861167, 3.1415926533676855, 499.9999999856324, 5.800000000000001]
[5.800000000000001, -4019.2728852531027, -4994.615348289808, -3.1415926533676855, 1.4367572021001251e-08, 5.800000000000001]
[5.9, 6969.272885253103, 4994.615348289808, 3.1415926533676855, 499.9999999856324, 5.9]
[5.9, -4087.3961544946806, -5079.269845718449, -3.1415926533676855, 1.4367572021001251e-08, 5.9]
[6.0, 7087.396154494681, 5079.269845718449, 3.1415926533676855, 499.9999999856324, 6.0]
[6.0, -4155.5194237362575, -5163.9243431470895, -3.1415926533676855, 1.4367572021001251e-08, 6.0]
[6.1000000000000005, 7205.5194237362575, 5163.9243431470895, 3.1415926533676855, 499.9999999856324, 6.1000000000000005]
[6.1000000000000005, -4223.642692977835, -5248.57884057573, -3.1415926533676855, 1.4367572021001251e-08, 6.1000000000000005]
[6.2, 7323.642692977835, 5248.57884057573, 3.1415926533676855, 499.9999999856324, 6.2]
[6.2, -4291.765962219413, -5333.23333800437, -3.1415926533676855, 1.4367572021001251e-08, 6.2]
[6.300000000000001, 7441.765962219413, 5333.23333800437, 3.1415926533676855, 499.9999999856324, 6.300000000000001]
[6.300000000000001, -4359.889231460991, -5417.887835433011, -3.1415926533676855, 1.4367572021001251e-08, 6.300000000000001]
[6.4, 7559.889231460991, 5417.887835433011, 3.1415926533676855, 499.9999999856324, 6.4]
[6.4, -4428.012500702569, -5502.542332861652, -3.1415926533676855, 1.4367572021001251e-08, 6.4]
[6.5, 7678.012500702569, 5502.542332861652, 3.1415926533676855, 499.9999999856324, 6.5]
[6.5, -4496.135769944147, -5587.196830290292, -3.1415926533676855, 1.4367572021001251e-08, 6.5]
[6.6000000000000005, 7796.135769944147, 5587.196830290292, 3.1415926533676855, 499.9999999856324, 6.6000000000000005]
[6.6000000000000005, -4564.259039185725, -5671.851327718933, -3.1415926533676855, 1.4367572021001251e-08, 6.6000000000000005]
[6.7, 7914.259039185725, 5671.851327718933, 3.1415926533676855, 499.9999999856324, 6.7]
[6.7, -4632.382308427303, -5756.505825147574, -3.1415926533676855, 1.4367572021001251e-08, 6.7]
[6.800000000000001, 8032.382308427303, 5756.505825147574, 3.1415926533676855, 499.9999999856324, 6.800000000000001]
[6.800000000000001, -4700.50557766888, -5841.160322576214, -3.1415926533676855, 1.4367572021001251e-08, 6.800000000000001]
[6.9, 8150.50557766888, 5841.160322576214, 3.1415926533676855, 499.9999999856324, 6.9]
[6.9, -4768.6288469104575, -5925.8148200048545, -3.1415926533676855, 1.4367572021001251e-08, 6.9]
[7.0, 8268.628846910458, 5925.8148200048545, 3.1415926533676855, 499.9999999856324, 7.0]
[7.0, -4836.752116152035, -6010.469317433495, -3.1415926533676855, 1.4367572021001251e-08, 7.0]
[7.1000000000000005, 8386.752116152034, 6010.469317433495, 3.1415926533676855, 499.9999999856324, 7.1000000000000005]
[7.1000000000000005, -4904.875385393613, -6095.123814862136, -3.1415926533676855, 1.4367572021001251e-08, 7.1000000000000005]
[7.2, 8504.875385393614, 6095.123814862136, 3.1415926533676855, 499.9999999856324, 7.2]
[7.2, -4972.998654635191, -6179.778312290777, -3.1415926533676855, 1.4367572021001251e-08, 7.2]
[7.300000000000001, 8622.99865463519, 6179.778312290777, 3.1415926533676855, 499.9999999856324, 7.300000000000001]
[7.300000000000001, -5041.121923876769, -6264.432809719417, -3.1415926533676855, 1.4367572021001251e-08, 7.300000000000001]
[7.4, 8741.12192387677, 6264.432809719417, 3.1415926533676855, 499.9999999856324, 7.4]
[7.4, -5109.245193118347, -6349.087307148057, -3.1415926533676855, 1.4367572021001251e-08, 7.4]
[7.5, 8859.245193118346, 6349.087307148057, 3.1415926533676855, 499.9999999856324, 7.5]
[7.5, -5177.368462359925, -6433.741804576698, -3.1415926533676855, 1.4367572021001251e-08, 7.5]
[7.6000000000000005, 8977.368462359926, 6433.741804576698, 3.1415926533676855, 499.9999999856324, 7.6000000000000005]
[7.6000000000000005, -5245.491731601502, -6518.396302005339, -3.1415926533676855, 1.4367572021001251e-08, 7.6000000000000005]
[7.7, 9095.491731601502, 6518.396302005339, 3.1415926533676855, 499.9999999856324, 7.7]
[7.7, -5313.6150008430795, -6603.05079943398, -3.1415926533676855, 1.4367572021001251e-08, 7.7]
[7.800000000000001, 9213.61500084308, 6603.05079943398, 3.1415926533676855, 499.9999999856324, 7.800000000000001]
[7.800000000000001, -5381.738270084657, -6687.70529686262, -3.1415926533676855, 1.4367572021001251e-08, 7.800000000000001]
[7.9, 9331.738270084657, 6687.70529686262, 3.1415926533676855, 499.9999999856324, 7.9]
[7.9, -5449.861539326235, -6772.35979429126, -3.1415926533676855, 1.4367572021001251e-08, 7.9]
[8.0, 9449.861539326235, 6772.35979429126, 3.1415926533676855, 499.9999999856324, 8.0]
[8.0, -5517.984808567813, -6857.014291719901, -3.1415926533676855, 1.4367572021001251e-08, 8.0]
[8.1, 9567.984808567813, 6857.014291719901, 3.1415926533676855, 499.9999999856324, 8.1]
[8.1, -5586.108077809391, -6941.668789148542, -3.1415926533676855, 1.4367572021001251e-08, 8.1]
[8.200000000000001, 9686.108077809391, 6941.668789148542, 3.1415926533676855, 499.9999999856324, 8.200000000000001]
[8.200000000000001, -5654.23134705097, -7026.323286577182, -3.1415926533676855, 1.4367572021001251e-08, 8.200000000000001]
[8.3, 9804.231347050969, 7026.323286577182, 3.1415926533676855, 499.9999999856324, 8.3]
[8.3, -5722.354616292549, -7110.977784005823, -3.1415926533676855, 1.4367572021001251e-08, 8.3]
[8.4, 9922.354616292549, 7110.977784005823, 3.1415926533676855, 499.9999999856324, 8.4]
[8.4, -5790.4778855341265, -7195.632281434464, -3.1415926533676855, 1.4367572021001251e-08, 8.4]
[8.5, 10040.477885534126, 7195.632281434464, 3.1415926533676855, 499.9999999856324, 8.5]
[8.5, -5858.601154775705, -7280.286778863104, -3.1415926533676855, 1.4367572021001251e-08, 8.5]
[8.6, 10158.601154775704, 7280.286778863104, 3.1415926533676855, 499.9999999856324, 8.6]
[8.6, -5926.724424017284, -7364.9412762917445, -3.1415926533676855, 1.4367572021001251e-08, 8.6]
[8.700000000000001, 10276.724424017284, 7364.9412762917445, 3.1415926533676855, 499.9999999856324, 8.700000000000001]
[8.700000000000001, -5994.847693258864, -7449.595773720385, -3.1415926533676855, 1.4367572021001251e-08, 8.700000000000001]
[8.8, 10394.847693258864, 7449.595773720385, 3.1415926533676855, 499.9999999856324, 8.8]
[8.8, -6062.970962500442, -7534.250271149026, -3.1415926533676855, 1.4367572021001251e-08, 8.8]
[8.9, 10512.970962500442, 7534.250271149026, 3.1415926533676855, 499.9999999856324, 8.9]
[8.9, -6131.0942317420195, -7618.904768577667, -3.1415926533676855, 1.4367572021001251e-08, 8.9]
[9.0, 10631.09423174202, 7618.904768577667, 3.1415926533676855, 499.9999999856324, 9.0]
[9.0, -6199.217500983599, -7703.559266006308, -3.1415926533676855, 1.4367572021001251e-08, 9.0]
[9.1, 10749.2175009836, 7703.559266006308, 3.1415926533676855, 499.9999999856324, 9.1]
[9.1, -6267.340770225177, -7788.213763434947, -3.1415926533676855, 1.4367572021001251e-08, 9.1]
[9.200000000000001, 10867.340770225177, 7788.213763434947, 3.1415926533676855, 499.9999999856324, 9.200000000000001]
[9.200000000000001, -6335.464039466757, -7872.868260863588, -3.1415926533676855, 1.4367572021001251e-08, 9.200000000000001]
[9.3, 10985.464039466757, 7872.868260863588, 3.1415926533676855, 499.9999999856324, 9.3]
[9.3, -6403.587308708335, -7957.52275829223, -3.1415926533676855, 1.4367572021001251e-08, 9.3]
[9.4, 11103.587308708335, 7957.52275829223, 3.1415926533676855, 499.9999999856324, 9.4]
[9.4, -6471.710577949914, -8042.177255720871, -3.1415926533676855, 1.4367572021001251e-08, 9.4]
[9.5, 11221.710577949914, 8042.177255720871, 3.1415926533676855, 499.9999999856324, 9.5]
[9.5, -6539.833847191492, -8126.831753149511, -3.1415926533676855, 1.4367572021001251e-08, 9.5]
[9.600000000000001, 11339.833847191492, 8126.831753149511, 3.1415926533676855, 499.9999999856324, 9.600000000000001]
[9.600000000000001, -6607.957116433072, -8211.486250578151, -3.1415926533676855, 1.4367572021001251e-08, 9.600000000000001]
[9.700000000000001, 11457.957116433072, 8211.486250578151, 3.1415926533676855, 499.9999999856324, 9.700000000000001]
[9.700000000000001, -6676.08038567465, -8296.140748006792, -3.1415926533676855, 1.4367572021001251e-08, 9.700000000000001]
[9.8, 11576.08038567465, 8296.140748006792, 3.1415926533676855, 499.9999999856324, 9.8]
[9.8, -6744.203654916228, -8380.795245435433, -3.1415926533676855, 1.4367572021001251e-08, 9.8]
[9.9, 11694.203654916228, 8380.795245435433, 3.1415926533676855, 499.9999999856324, 9.9]
[9.9, -6812.326924157807, -8465.449742864073, -3.1415926533676855, 1.4367572021001251e-08, 9.9]
[10.0, 11812.326924157807, 8465.449742864073, 3.1415926533676855, 499.9999999856324, 10.0]
[10.0, -6880.450193399385, -8550.104240292714, -3.1415926533676855, 1.4367572021001251e-08, 10.0]
[10.100000000000001, 11930.450193399385, 8550.104240292714, 3.1415926533676855, 499.9999999856324, 10.100000000000001]
[10.100000000000001, -6948.573462640965, -8634.758737721355, -3.1415926533676855, 1.4367572021001251e-08, 10.100000000000001]
[10.200000000000001, 12048.573462640965, 8634.758737721355, 3.1415926533676855, 499.9999999856324, 10.200000000000001]
[10.200000000000001, -7016.696731882543, -8719.413235149996, -3.1415926533676855, 1.4367572021001251e-08, 10.200000000000001]
[10.3, 12166.696731882543, 8719.413235149996, 3.1415926533676855, 499.9999999856324, 10.3]
[10.3, -7084.820001124122, -8804.067732578636, -3.1415926533676855, 1.4367572021001251e-08, 10.3]
[10.4, 12284.820001124122, 8804.067732578636, 3.1415926533676855, 499.9999999856324, 10.4]
[10.4, -7152.9432703657, -8888.722230007277, -3.1415926533676855, 1.4367572021001251e-08, 10.4]
[10.5, 12402.9432703657, 8888.722230007277, 3.1415926533676855, 499.9999999856324, 10.5]
[10.5, -7221.06653960728, -8973.376727435916, -3.1415926533676855, 1.4367572021001251e-08, 10.5]
[10.600000000000001, 12521.06653960728, 8973.376727435916, 3.1415926533676855, 499.9999999856324, 10.600000000000001]
[10.600000000000001, -7289.189808848858, -9058.031224864557, -3.1415926533676855, 1.4367572021001251e-08, 10.600000000000001]
[10.700000000000001, 12639.189808848858, 9058.031224864557, 3.1415926533676855, 499.9999999856324, 10.700000000000001]
[10.700000000000001, -7357.313078090438, -9142.685722293198, -3.1415926533676855, 1.4367572021001251e-08, 10.700000000000001]
[10.8, 12757.313078090438, 9142.685722293198, 3.1415926533676855, 499.9999999856324, 10.8]
[10.8, -7425.436347332015, -9227.340219721838, -3.1415926533676855, 1.4367572021001251e-08, 10.8]
[10.9, 12875.436347332015, 9227.340219721838, 3.1415926533676855, 499.9999999856324, 10.9]
[10.9, -7493.559616573593, -9311.99471715048, -3.1415926533676855, 1.4367572021001251e-08, 10.9]
[11.0, 12993.559616573593, 9311.99471715048, 3.1415926533676855, 499.9999999856324, 11.0]
[11.0, -7561.682885815173, -9396.64921457912, -3.1415926533676855, 1.4367572021001251e-08, 11.0]
[11.100000000000001, 13111.682885815173, 9396.64921457912, 3.1415926533676855, 499.9999999856324, 11.100000000000001]
[11.100000000000001, -7629.806155056751, -9481.30371200776, -3.1415926533676855, 1.4367572021001251e-08, 11.100000000000001]
[11.200000000000001, 13229.80615505675, 9481.30371200776, 3.1415926533676855, 499.9999999856324, 11.200000000000001]
[11.200000000000001, -7697.929424298331, -9565.958209436401, -3.1415926533676855, 1.4367572021001251e-08, 11.200000000000001]
[11.3, 13347.92942429833, 9565.958209436401, 3.1415926533676855, 499.9999999856324, 11.3]
[11.3, -7766.052693539908, -9650.612706865042, -3.1415926533676855, 1.4367572021001251e-08, 11.3]
[11.4, 13466.052693539908, 9650.612706865042, 3.1415926533676855, 499.9999999856324, 11.4]
[11.4, -7834.175962781488, -9735.267204293683, -3.1415926533676855, 1.4367572021001251e-08, 11.4]
[11.5, 13584.175962781488, 9735.267204293683, 3.1415926533676855, 499.9999999856324, 11.5]
[11.5, -7902.299232023066, -9819.921701722324, -3.1415926533676855, 1.4367572021001251e-08, 11.5]
[11.600000000000001, 13702.299232023066, 9819.921701722324, 3.1415926533676855, 499.9999999856324, 11.600000000000001]
[11.600000000000001, -7970.422501264646, -9904.576199150963, -3.1415926533676855, 1.4367572021001251e-08, 11.600000000000001]
[11.700000000000001, 13820.422501264646, 9904.576199150963, 3.1415926533676855, 499.9999999856324, 11.700000000000001]
[11.700000000000001, -8038.545770506224, -9989.230696579603, -3.1415926533676855, 1.4367572021001251e-08, 11.700000000000001]
[11.8, 13938.545770506224, 9989.230696579603, 3.1415926533676855, 499.9999999856324, 11.8]
[11.8, -8106.669039747801, -10073.885194008244, -3.1415926533676855, 1.4367572021001251e-08, 11.8]
[11.9, 14056.669039747801, 10073.885194008244, 3.1415926533676855, 499.9999999856324, 11.9]
[11.9, -8174.792308989381, -10158.539691436885, -3.1415926533676855, 1.4367572021001251e-08, 11.9]
[12.0, 14174.792308989381, 10158.539691436885, 3.1415926533676855, 499.9999999856324, 12.0]
[12.0, -8242.915578230959, -10243.194188865526, -3.1415926533676855, 1.4367572021001251e-08, 12.0]
[12.100000000000001, 14292.915578230959, 10243.194188865526, 3.1415926533676855, 499.9999999856324, 12.100000000000001]
[12.100000000000001, -8311.038847472539, -10327.848686294166, -3.1415926533676855, 1.4367572021001251e-08, 12.100000000000001]
[12.200000000000001, 14411.038847472539, 10327.848686294166, 3.1415926533676855, 499.9999999856324, 12.200000000000001]
[12.200000000000001, -8379.162116714117, -10412.503183722807, -3.1415926533676855, 1.4367572021001251e-08, 12.200000000000001]
[12.3, 14529.162116714117, 10412.503183722807, 3.1415926533676855, 499.9999999856324, 12.3]
[12.3, -8447.285385955696, -10497.157681151448, -3.1415926533676855, 1.4367572021001251e-08, 12.3]
[12.4, 14647.285385955696, 10497.157681151448, 3.1415926533676855, 499.9999999856324, 12.4]
[12.4, -8515.408655197274, -10581.812178580089, -3.1415926533676855, 1.4367572021001251e-08, 12.4]
[12.5, 14765.408655197274, 10581.812178580089, 3.1415926533676855, 499.9999999856324, 12.5]
[12.5, -8583.531924438854, -10666.46667600873, -3.1415926533676855, 1.4367572021001251e-08, 12.5]
[12.600000000000001, 14883.531924438854, 10666.46667600873, 3.1415926533676855, 499.9999999856324, 12.600000000000001]
[12.600000000000001, -8651.655193680432, -10751.12117343737, -3.1415926533676855, 1.4367572021001251e-08, 12.600000000000001]
[12.700000000000001, 15001.655193680432, 10751.12117343737, 3.1415926533676855, 499.9999999856324, 12.700000000000001]
[12.700000000000001, -8719.77846292201, -10835.77567086601, -3.1415926533676855, 1.4367572021001251e-08, 12.700000000000001]
[12.8, 15119.77846292201, 10835.77567086601, 3.1415926533676855, 499.9999999856324, 12.8]
[12.8, -8787.90173216359, -10920.43016829465, -3.1415926533676855, 1.4367572021001251e-08, 12.8]
[12.9, 15237.90173216359, 10920.43016829465, 3.1415926533676855, 499.9999999856324, 12.9]
[12.9, -8856.025001405167, -11005.08466572329, -3.1415926533676855, 1.4367572021001251e-08, 12.9]
[13.0, 15356.025001405167, 11005.08466572329, 3.1415926533676855, 499.9999999856324, 13.0]
[13.0, -8924.148270646747, -11089.739163151931, -3.1415926533676855, 1.4367572021001251e-08, 13.0]
[13.100000000000001, 15474.148270646747, 11089.739163151931, 3.1415926533676855, 499.9999999856324, 13.100000000000001]
[13.100000000000001, -8992.271539888325, -11174.393660580572, -3.1415926533676855, 1.4367572021001251e-08, 13.100000000000001]
[13.200000000000001, 15592.271539888325, 11174.393660580572, 3.1415926533676855, 499.9999999856324, 13.200000000000001]
[13.200000000000001, -9060.394809129904, -11259.048158009213, -3.1415926533676855, 1.4367572021001251e-08, 13.200000000000001]
[13.3, 15710.394809129904, 11259.048158009213, 3.1415926533676855, 499.9999999856324, 13.3]
[13.3, -9128.518078371482, -11343.702655437854, -3.1415926533676855, 1.4367572021001251e-08, 13.3]
[13.4, 15828.518078371482, 11343.702655437854, 3.1415926533676855, 499.9999999856324, 13.4]
[13.4, -9196.641347613062, -11428.357152866494, -3.1415926533676855, 1.4367572021001251e-08, 13.4]
[13.5, 15946.641347613062, 11428.357152866494, 3.1415926533676855, 499.9999999856324, 13.5]
[13.5, -9264.76461685464, -11513.011650295135, -3.1415926533676855, 1.4367572021001251e-08, 13.5]
[13.600000000000001, 16064.76461685464, 11513.011650295135, 3.1415926533676855, 499.9999999856324, 13.600000000000001]
[13.600000000000001, -9332.88788609622, -11597.666147723776, -3.1415926533676855, 1.4367572021001251e-08, 13.600000000000001]
[13.700000000000001, 16182.88788609622, 11597.666147723776, 3.1415926533676855, 499.9999999856324, 13.700000000000001]
[13.700000000000001, -9401.011155337797, -11682.320645152417, -3.1415926533676855, 1.4367572021001251e-08, 13.700000000000001]
[13.8, 16301.011155337797, 11682.320645152417, 3.1415926533676855, 499.9999999856324, 13.8]
[13.8, -9469.134424579375, -11766.975142581057, -3.1415926533676855, 1.4367572021001251e-08, 13.8]
[13.9, 16419.134424579373, 11766.975142581057, 3.1415926533676855, 499.9999999856324, 13.9]
[13.9, -9537.257693820955, -11851.629640009696, -3.1415926533676855, 1.4367572021001251e-08, 13.9]
[14.0, 16537.257693820953, 11851.629640009696, 3.1415926533676855, 499.9999999856324, 14.0]
[14.0, -9605.380963062533, -11936.284137438337, -3.1415926533676855, 1.4367572021001251e-08, 14.0]
[14.100000000000001, 16655.380963062533, 11936.284137438337, 3.1415926533676855, 499.9999999856324, 14.100000000000001]
[14.100000000000001, -9673.504232304113, -12020.938634866978, -3.1415926533676855, 1.4367572021001251e-08, 14.100000000000001]
[14.200000000000001, 16773.504232304113, 12020.938634866978, 3.1415926533676855, 499.9999999856324, 14.200000000000001]
[14.200000000000001, -9741.62750154569, -12105.593132295618, -3.1415926533676855, 1.4367572021001251e-08, 14.200000000000001]
[14.3, 16891.627501545692, 12105.593132295618, 3.1415926533676855, 499.9999999856324, 14.3]
[14.3, -9809.75077078727, -12190.24762972426, -3.1415926533676855, 1.4367572021001251e-08, 14.3]
[14.4, 17009.750770787272, 12190.24762972426, 3.1415926533676855, 499.9999999856324, 14.4]
[14.4, -9877.874040028848, -12274.9021271529, -3.1415926533676855, 1.4367572021001251e-08, 14.4]
[14.5, 17127.874040028848, 12274.9021271529, 3.1415926533676855, 499.9999999856324, 14.5]
[14.5, -9945.997309270428, -12359.55662458154, -3.1415926533676855, 1.4367572021001251e-08, 14.5]
[14.600000000000001, 17245.997309270428, 12359.55662458154, 3.1415926533676855, 499.9999999856324, 14.600000000000001]
[14.600000000000001, -10014.120578512006, -12444.211122010181, -3.1415926533676855, 1.4367572021001251e-08, 14.600000000000001]
[14.700000000000001, 17364.120578512004, 12444.211122010181, 3.1415926533676855, 499.9999999856324, 14.700000000000001]
[14.700000000000001, -10082.243847753583, -12528.865619438822, -3.1415926533676855, 1.4367572021001251e-08, 14.700000000000001]
[14.8, 17482.243847753583, 12528.865619438822, 3.1415926533676855, 499.9999999856324, 14.8]
[14.8, -10150.367116995163, -12613.520116867463, -3.1415926533676855, 1.4367572021001251e-08, 14.8]
[14.9, 17600.367116995163, 12613.520116867463, 3.1415926533676855, 499.9999999856324, 14.9]
[14.9, -10218.490386236741, -12698.174614296104, -3.1415926533676855, 1.4367572021001251e-08, 14.9]
[15.0, 17718.490386236743, 12698.174614296104, 3.1415926533676855, 499.9999999856324, 15.0]
[15.0, -10286.61365547832, -12782.829111724745, -3.1415926533676855, 1.4367572021001251e-08, 15.0]
[15.100000000000001, 17836.613655478322, 12782.829111724745, 3.1415926533676855, 499.9999999856324, 15.100000000000001]
[15.100000000000001, -10354.736924719899, -12867.483609153383, -3.1415926533676855, 1.4367572021001251e-08, 15.100000000000001]
[15.200000000000001, 17954.7369247199, 12867.483609153383, 3.1415926533676855, 499.9999999856324, 15.200000000000001]
[15.200000000000001, -10422.860193961478, -12952.138106582024, -3.1415926533676855, 1.4367572021001251e-08, 15.200000000000001]
[15.3, 18072.86019396148, 12952.138106582024, 3.1415926533676855, 499.9999999856324, 15.3]
[15.3, -10490.983463203056, -13036.792604010665, -3.1415926533676855, 1.4367572021001251e-08, 15.3]
[15.4, 18190.983463203054, 13036.792604010665, 3.1415926533676855, 499.9999999856324, 15.4]
[15.4, -10559.106732444636, -13121.447101439306, -3.1415926533676855, 1.4367572021001251e-08, 15.4]
[15.5, 18309.106732444634, 13121.447101439306, 3.1415926533676855, 499.9999999856324, 15.5]
[15.5, -10627.230001686214, -13206.101598867946, -3.1415926533676855, 1.4367572021001251e-08, 15.5]
[15.600000000000001, 18427.230001686214, 13206.101598867946, 3.1415926533676855, 499.9999999856324, 15.600000000000001]
[15.600000000000001, -10695.353270927792, -13290.756096296587, -3.1415926533676855, 1.4367572021001251e-08, 15.600000000000001]
[15.700000000000001, 18545.353270927793, 13290.756096296587, 3.1415926533676855, 499.9999999856324, 15.700000000000001]
[15.700000000000001, -10763.476540169371, -13375.410593725228, -3.1415926533676855, 1.4367572021001251e-08, 15.700000000000001]
[15.8, 18663.476540169373, 13375.410593725228, 3.1415926533676855, 499.9999999856324, 15.8]
[15.8, -10831.59980941095, -13460.065091153869, -3.1415926533676855, 1.4367572021001251e-08, 15.8]
[15.9, 18781.59980941095, 13460.065091153869, 3.1415926533676855, 499.9999999856324, 15.9]
[15.9, -10899.723078652529, -13544.71958858251, -3.1415926533676855, 1.4367572021001251e-08, 15.9]
[16.0, 18899.72307865253, 13544.71958858251, 3.1415926533676855, 499.9999999856324, 16.0]
[16.0, -10967.846347894107, -13629.37408601115, -3.1415926533676855, 1.4367572021001251e-08, 16.0]
[16.1, 19017.846347894105, 13629.37408601115, 3.1415926533676855, 499.9999999856324, 16.1]
[16.1, -11035.969617135686, -13714.028583439791, -3.1415926533676855, 1.4367572021001251e-08, 16.1]
[16.2, 19135.969617135685, 13714.028583439791, 3.1415926533676855, 499.9999999856324, 16.2]
[16.2, -11104.092886377264, -13798.68308086843, -3.1415926533676855, 1.4367572021001251e-08, 16.2]
[16.3, 19254.092886377264, 13798.68308086843, 3.1415926533676855, 499.9999999856324, 16.3]
[16.3, -11172.216155618842, -13883.33757829707, -3.1415926533676855, 1.4367572021001251e-08, 16.3]
[16.400000000000002, 19372.216155618844, 13883.33757829707, 3.1415926533676855, 499.9999999856324, 16.400000000000002]
[16.400000000000002, -11240.339424860418, -13967.992075725711, -3.1415926533676855, 1.4367572021001251e-08, 16.400000000000002]
[16.5, 19490.339424860416, 13967.992075725711, 3.1415926533676855, 499.9999999856324, 16.5]
[16.5, -11308.462694101996, -14052.646573154352, -3.1415926533676855, 1.4367572021001251e-08, 16.5]
[16.6, 19608.462694101996, 14052.646573154352, 3.1415926533676855, 499.9999999856324, 16.6]
[16.6, -11376.585963343576, -14137.301070582993, -3.1415926533676855, 1.4367572021001251e-08, 16.6]
[16.7, 19726.585963343576, 14137.301070582993, 3.1415926533676855, 499.9999999856324, 16.7]
[16.7, -11444.709232585152, -14221.955568011634, -3.1415926533676855, 1.4367572021001251e-08, 16.7]
[16.8, 19844.70923258515, 14221.955568011634, 3.1415926533676855, 499.9999999856324, 16.8]
[16.8, -11512.83250182673, -14306.610065440274, -3.1415926533676855, 1.4367572021001251e-08, 16.8]
[16.900000000000002, 19962.832501826728, 14306.610065440274, 3.1415926533676855, 499.9999999856324, 16.900000000000002]
[16.900000000000002, -11580.955771068308, -14391.264562868915, -3.1415926533676855, 1.4367572021001251e-08, 16.900000000000002]
[17.0, 20080.955771068308, 14391.264562868915, 3.1415926533676855, 499.9999999856324, 17.0]
[17.0, -11649.079040309887, -14475.919060297556, -3.1415926533676855, 1.4367572021001251e-08, 17.0]
[17.1, 20199.079040309887, 14475.919060297556, 3.1415926533676855, 499.9999999856324, 17.1]
[17.1, -11717.202309551463, -14560.573557726197, -3.1415926533676855, 1.4367572021001251e-08, 17.1]
[17.2, 20317.202309551463, 14560.573557726197, 3.1415926533676855, 499.9999999856324, 17.2]
[17.2, -11785.32557879304, -14645.228055154837, -3.1415926533676855, 1.4367572021001251e-08, 17.2]
[17.3, 20435.32557879304, 14645.228055154837, 3.1415926533676855, 499.9999999856324, 17.3]
[17.3, -11853.448848034619, -14729.882552583476, -3.1415926533676855, 1.4367572021001251e-08, 17.3]
[17.400000000000002, 20553.44884803462, 14729.882552583476, 3.1415926533676855, 499.9999999856324, 17.400000000000002]
[17.400000000000002, -11921.572117276197, -14814.537050012117, -3.1415926533676855, 1.4367572021001251e-08, 17.400000000000002]
[17.5, 20671.5721172762, 14814.537050012117, 3.1415926533676855, 499.9999999856324, 17.5]
[17.5, -11989.695386517775, -14899.191547440758, -3.1415926533676855, 1.4367572021001251e-08, 17.5]
[17.6, 20789.695386517775, 14899.191547440758, 3.1415926533676855, 499.9999999856324, 17.6]
[17.6, -12057.81865575935, -14983.846044869399, -3.1415926533676855, 1.4367572021001251e-08, 17.6]
[17.7, 20907.81865575935, 14983.846044869399, 3.1415926533676855, 499.9999999856324, 17.7]
[17.7, -12125.94192500093, -15068.50054229804, -3.1415926533676855, 1.4367572021001251e-08, 17.7]
[17.8, 21025.94192500093, 15068.50054229804, 3.1415926533676855, 499.9999999856324, 17.8]
[17.8, -12194.06519424251, -15153.15503972668, -3.1415926533676855, 1.4367572021001251e-08, 17.8]
[17.900000000000002, 21144.06519424251, 15153.15503972668, 3.1415926533676855, 499.9999999856324, 17.900000000000002]
[17.900000000000002, -12262.188463484086, -15237.80953715532, -3.1415926533676855, 1.4367572021001251e-08, 17.900000000000002]
[18.0, 21262.188463484086, 15237.80953715532, 3.1415926533676855, 499.9999999856324, 18.0]
[18.0, -12330.311732725662, -15322.464034583962, -3.1415926533676855, 1.4367572021001251e-08, 18.0]
[18.1, 21380.311732725662, 15322.464034583962, 3.1415926533676855, 499.9999999856324, 18.1]
[18.1, -12398.435001967242, -15407.118532012602, -3.1415926533676855, 1.4367572021001251e-08, 18.1]
[18.2, 21498.435001967242, 15407.118532012602, 3.1415926533676855, 499.9999999856324, 18.2]
[18.2, -12466.558271208818, -15491.773029441243, -3.1415926533676855, 1.4367572021001251e-08, 18.2]
[18.3, 21616.558271208818, 15491.773029441243, 3.1415926533676855, 499.9999999856324, 18.3]
[18.3, -12534.681540450398, -15576.427526869884, -3.1415926533676855, 1.4367572021001251e-08, 18.3]
[18.400000000000002, 21734.681540450398, 15576.427526869884, 3.1415926533676855, 499.9999999856324, 18.400000000000002]
[18.400000000000002, -12602.804809691974, -15661.082024298525, -3.1415926533676855, 1.4367572021001251e-08, 18.400000000000002]
[18.5, 21852.804809691974, 15661.082024298525, 3.1415926533676855, 499.9999999856324, 18.5]
[18.5, -12670.92807893355, -15745.736521727167, -3.1415926533676855, 1.4367572021001251e-08, 18.5]
[18.6, 21970.92807893355, 15745.736521727167, 3.1415926533676855, 499.9999999856324, 18.6]
[18.6, -12739.05134817513, -15830.39101915581, -3.1415926533676855, 1.4367572021001251e-08, 18.6]
[18.7, 22089.05134817513, 15830.39101915581, 3.1415926533676855, 499.9999999856324, 18.7]
[18.7, -12807.17461741671, -15915.045516584449, -3.1415926533676855, 1.4367572021001251e-08, 18.7]
[18.8, 22207.17461741671, 15915.045516584449, 3.1415926533676855, 499.9999999856324, 18.8]
[18.8, -12875.297886658285, -15999.700014013088, -3.1415926533676855, 1.4367572021001251e-08, 18.8]
[18.900000000000002, 22325.297886658285, 15999.700014013088, 3.1415926533676855, 499.9999999856324, 18.900000000000002]
[18.900000000000002, -12943.421155899865, -16084.354511441727, -3.1415926533676855, 1.4367572021001251e-08, 18.900000000000002]
[19.0, 22443.421155899865, 16084.354511441727, 3.1415926533676855, 499.9999999856324, 19.0]
[19.0, -13011.544425141441, -16169.009008870366, -3.1415926533676855, 1.4367572021001251e-08, 19.0]
[19.1, 22561.54442514144, 16169.009008870366, 3.1415926533676855, 499.9999999856324, 19.1]
[19.1, -13079.667694383017, -16253.663506299004, -3.1415926533676855, 1.4367572021001251e-08, 19.1]
[19.200000000000003, 22679.667694383017, 16253.663506299004, 3.1415926533676855, 499.9999999856324, 19.200000000000003]
[19.200000000000003, -13147.790963624597, -16338.318003727643, -3.1415926533676855, 1.4367572021001251e-08, 19.200000000000003]
[19.3, 22797.790963624597, 16338.318003727643, 3.1415926533676855, 499.9999999856324, 19.3]
[19.3, -13215.914232866173, -16422.97250115628, -3.1415926533676855, 1.4367572021001251e-08, 19.3]
[19.400000000000002, 22915.914232866173, 16422.97250115628, 3.1415926533676855, 499.9999999856324, 19.400000000000002]
[19.400000000000002, -13284.037502107753, -16507.62699858492, -3.1415926533676855, 1.4367572021001251e-08, 19.400000000000002]
[19.5, 23034.037502107753, 16507.62699858492, 3.1415926533676855, 499.9999999856324, 19.5]
[19.5, -13352.160771349329, -16592.28149601356, -3.1415926533676855, 1.4367572021001251e-08, 19.5]
[19.6, 23152.16077134933, 16592.28149601356, 3.1415926533676855, 499.9999999856324, 19.6]
[19.6, -13420.284040590908, -16676.9359934422, -3.1415926533676855, 1.4367572021001251e-08, 19.6]
[19.700000000000003, 23270.28404059091, 16676.9359934422, 3.1415926533676855, 499.9999999856324, 19.700000000000003]
[19.700000000000003, -13488.407309832488, -16761.590490870836, -3.1415926533676855, 1.4367572021001251e-08, 19.700000000000003]
[19.8, 23388.407309832488, 16761.590490870836, 3.1415926533676855, 499.9999999856324, 19.8]
[19.8, -13556.530579074064, -16846.244988299477, -3.1415926533676855, 1.4367572021001251e-08, 19.8]
[19.900000000000002, 23506.530579074064, 16846.244988299477, 3.1415926533676855, 499.9999999856324, 19.900000000000002]
[19.900000000000002, -13624.65384831564, -16930.899485728114, -3.1415926533676855, 1.4367572021001251e-08, 19.900000000000002]
[20.0, 23624.65384831564, 16930.899485728114, 3.1415926533676855, 499.9999999856324, 20.0]