Helicopter final for Rectangles:
[-0.0948283236152185, 0.6624723756320208, -0.1245919484306198, 0.18018874281259695, -0.06641126397618724, 4.467057093992059, 71.34601181473566, 4.108482491373957, 0.7489475545770804, 1.1020106776468497, -1.5100699469354624, 0.5609461563649086, 0.6514131816865429, -43.32219804424496, 241.33003206055898, 8.845131985759817, -0.026011451135400508, 5.231666816478235, 0.9396770152232463, 0.6416743700331933, 0.06358806670105928, -0.014029490319849808, -0.007446346495420546, -0.1322718585319261, -0.06257092341719962, -0.5364196547691591, -0.5478011950621209, 0.8261280897226783, 0]
[-0.06505326953660517, 0.7589566339589393, -0.06652068501872553, 0.20721472886779618, -0.0551256948410456, 10.06109005902896, 80.46256538002936, 4.598140411330723, 0.8941914053994381, 1.2890629572452716, -1.2665668216047832, 0.6475119764270523, 0.7855561680120872, -30.67250960300085, 262.4057021967197, 10.11891498744755, -0.017181343407242044, 6.053780254012885, 1.5069587605459793, 0.7743980883643526, 0.07271515156020414, -0.0002025011267912484, 0.0009496888185870057, -0.1145264445787603, -0.05521329114041811, -0.46743887787578325, -0.4334283924226405, 0.9263458253133244, 0]

Helicopter final for StarSet:
[-0.1139720779764674, 0.6220475765698903, -0.1448327620616176, 0.16958976254240438, -0.07532812335536176, 2.986732130901237, 67.48083404510342, 3.7616810823329048, 0.6848526124922856, 0.95735632858538, -1.6089606054197922, 0.5297297273040789, 0.5957779325221977, -46.99581262650059, 233.0645383426994, 8.600294898733765, -0.028795727210745012, 4.837826623050071, 0.6276491092063522, 0.5870307861696393, 0.05966542938783159, -0.021116898736754087, -0.011701218383964887, -0.1402853954480233, -0.065936792861789, -0.5856988308662635, -0.5808173586760877, 0.7810086894230457] 
[-0.047877072548262234, 0.8002501413034983, -0.0439174345232142, 0.2180443677272375, -0.046997968875417975, 11.518965046436389, 84.09943192198978, 4.9305109762778025, 0.9547252445094361, 1.4479368734246392, -1.1623958212787826, 0.6828120751205937, 0.8380660617769935, -26.76662878182747, 270.46477361558635, 10.367733689532447, -0.014090159745107422, 6.438229382390302, 1.8523637253886431, 0.8258599579112176, 0.07678143922419628, 0.006187863262538364, 0.004755846077141142, -0.10648065756593428, -0.05164049794009238, -0.41585780837908287, -0.4010931220174219, 0.9691202546331529]


Rectangles: 53.08950970216319
StarSet: 91.46621249834514


Guards Bug:

ego_vx <= 3049/1000,
ego_vx >= -3049/1000,
ego_vy <= 3049/1000,
ego_vy >= -3049/1000,
ego_vy <= -ego_vx + 431/100,
ego_vy <= ego_vx + 431/100,
ego_vy >= -ego_vx - 431/100,
ego_vy >= ego_vx - 431/100

[[-104.26962119601754, -33.08805725393002, -100.0, 0.6619024840816806, 110.89999999999782, 110.89999999999782], [-104.26962119601754, -33.08805725393002, -100.0, 0.6619024840816806, 110.89999999999782, 110.89999999999782]]

But in the trace, ego.vx is never -100.0